   -8.0       2.42         1.17        2.0684
    0.0       2.42         1.17        2.0684
     2       3.81         2.01        1.8955
     15       6.13         3.54        1.7316
     25       6.52         3.67        1.7766
     37       7.09         3.93        1.8041
    43       8.0379       4.4856       1.7919
    80         8.04         4.48       1.7946
   120       8.0505          4.5        1.789
   165        8.175        4.509        1.813
   210       8.3007       4.5184       1.8371
   260       8.4822       4.6094       1.8402
   310        8.665       4.6964        1.845
   360       8.8476       4.7832       1.8497
   410       9.0302       4.8702       1.8542
   460        9.528       5.1864       1.8371
   510       9.6962       5.2922       1.8322
   560        9.864       5.3989        1.827
   610       10.032       5.5047       1.8224
   660         10.2       5.6104       1.8181
   710       10.922       6.0898       1.7935
   760       11.055         6.21       1.7802
 809.5       11.136       6.2424       1.7838
   859       11.223       6.2799       1.7871
 908.5       11.307       6.3164       1.7901
   958        11.39       6.3519       1.7931
1007.5        11.47        6.386       1.7962